# 行列の転置

難易度: 2 / 4 ・ トピック: matrix

R 行 C 列の整数行列が与えられる。転置 (C 行 R 列) を出力せよ。

## 制約

- 1 <= R, C <= 50
- 各要素の絶対値 <= 10^6

## 入力

```
R C
行列 (R 行 C 列)
```

## 出力

転置行列を R 列 C 行で出力する。


## 入出力例


### 例 1

入力:

```
2 3
1 2 3
4 5 6
```

出力:

```
1 4
2 5
3 6
```


### 例 2

入力:

```
20 15
-108 536 681 -19 -988 175 854 -669 761 561 -771 330 70 -402 -211
-393 -234 -471 -625 -568 -549 -87 -33 -290 -248 917 -648 -827 51 963
-744 1 821 -342 589 41 -936 -705 -421 749 -46 -572 840 -91 261
-786 492 -669 635 842 -234 -509 176 955 -136 -994 -181 592 996 651
-799 -78 757 -703 -62 895 815 -676 113 553 421 298 -955 715 346
-16 372 558 -556 -820 925 197 742 -492 306 45 -930 452 789 673
-423 329 -847 322 2 198 -45 -848 414 827 562 -730 -38 -690 951
-398 734 574 -585 834 667 -468 -254 947 756 693 486 234 272 267
-186 -651 -4 637 -736 -310 -783 -292 195 -316 779 -437 545 363 540
-854 62 -468 81 -43 382 307 -563 -306 -808 602 922 -884 -495 -541
-681 -25 834 -389 -364 656 -694 957 -908 623 -310 -650 -769 -260 -30
374 838 603 -87 -405 690 -940 -645 346 -569 832 -178 -375 -122 179
718 959 817 -542 -544 809 735 586 352 540 695 -337 -357 -453 -503
-479 -858 181 -93 -562 744 184 -380 -449 -187 157 98 310 -692 -184
-958 -880 -69 324 136 972 -641 213 939 -85 -854 -20 220 354 949
-231 -293 983 -15 -319 283 459 -869 645 902 -905 569 -559 -416 731
-362 707 647 846 -370 -167 730 11 772 656 882 12 848 740 880
-285 509 -851 573 387 -439 948 -654 653 -363 -855 -317 -955 -27 408
-860 -239 943 -856 -886 -837 -850 -717 725 809 -53 344 577 214 -959
-135 -617 146 -226 -305 740 -311 -612 61 -89 903 -738 -821 607 867
```

出力:

```
-108 -393 -744 -786 -799 -16 -423 -398 -186 -854 -681 374 718 -479 -958 -231 -362 -285 -860 -135
536 -234 1 492 -78 372 329 734 -651 62 -25 838 959 -858 -880 -293 707 509 -239 -617
681 -471 821 -669 757 558 -847 574 -4 -468 834 603 817 181 -69 983 647 -851 943 146
-19 -625 -342 635 -703 -556 322 -585 637 81 -389 -87 -542 -93 324 -15 846 573 -856 -226
-988 -568 589 842 -62 -820 2 834 -736 -43 -364 -405 -544 -562 136 -319 -370 387 -886 -305
175 -549 41 -234 895 925 198 667 -310 382 656 690 809 744 972 283 -167 -439 -837 740
854 -87 -936 -509 815 197 -45 -468 -783 307 -694 -940 735 184 -641 459 730 948 -850 -311
-669 -33 -705 176 -676 742 -848 -254 -292 -563 957 -645 586 -380 213 -869 11 -654 -717 -612
761 -290 -421 955 113 -492 414 947 195 -306 -908 346 352 -449 939 645 772 653 725 61
561 -248 749 -136 553 306 827 756 -316 -808 623 -569 540 -187 -85 902 656 -363 809 -89
-771 917 -46 -994 421 45 562 693 779 602 -310 832 695 157 -854 -905 882 -855 -53 903
330 -648 -572 -181 298 -930 -730 486 -437 922 -650 -178 -337 98 -20 569 12 -317 344 -738
70 -827 840 592 -955 452 -38 234 545 -884 -769 -375 -357 310 220 -559 848 -955 577 -821
-402 51 -91 996 715 789 -690 272 363 -495 -260 -122 -453 -692 354 -416 740 -27 214 607
-211 963 261 651 346 673 951 267 540 -541 -30 179 -503 -184 949 731 880 408 -959 867
```
