# 行列の転置

難易度: 2 / 4 ・ トピック: matrix

R 行 C 列の整数行列が与えられる。転置 (C 行 R 列) を出力せよ。

## 制約

- 1 <= R, C <= 50
- 各要素の絶対値 <= 10^6

## 入力

```
R C
行列 (R 行 C 列)
```

## 出力

転置行列を R 列 C 行で出力する。


## 入出力例


### 例 1

入力:

```
2 3
1 2 3
4 5 6
```

出力:

```
1 4
2 5
3 6
```


### 例 2

入力:

```
15 6
287 -384 37 -846 884 -878
494 -178 456 -68 -288 -353
-677 -859 348 621 -444 842
532 -835 -52 510 -244 486
360 -523 510 119 -780 991
-995 -262 -506 283 -174 -903
897 -511 -372 -447 587 810
283 -926 706 237 -279 775
872 77 46 7 744 -181
425 522 504 946 -447 580
-480 707 808 359 671 -569
424 -931 846 241 143 754
-912 916 523 -875 511 -767
-525 804 248 541 845 485
726 229 -769 -724 -43 -53
```

出力:

```
287 494 -677 532 360 -995 897 283 872 425 -480 424 -912 -525 726
-384 -178 -859 -835 -523 -262 -511 -926 77 522 707 -931 916 804 229
37 456 348 -52 510 -506 -372 706 46 504 808 846 523 248 -769
-846 -68 621 510 119 283 -447 237 7 946 359 241 -875 541 -724
884 -288 -444 -244 -780 -174 587 -279 744 -447 671 143 511 845 -43
-878 -353 842 486 991 -903 810 775 -181 580 -569 754 -767 485 -53
```
